1.43847384 -3.66415371
-1.09140706 -1.16128321
-0.62849786 -0.55930125
-0.67831444 -0.52310438
2.74308892  0.19450673
-0.56704248  1.90088062
-0.21111689 -1.43267463
0.94935658 -0.107207
1.42459549  1.08885036
1.7259313   1.78609944
2.97527068 -1.34039179
1.31530816  0.7214979 
-1.01157521 -0.29548141
-1.58749631 -0.40907449
0.55964512 -1.49583391
-0.7762899   1.16658122
0.54836434 -0.31228747
0.46522365  1.52128419
0.54725979 -0.54752116
-0.2453204   0.1003358
-0.58601566  0.61972334
2.22344807  0.10130312
0.9654205   1.09147423
-1.44855009 -0.59544588
-2.03784841 -0.25153426
0.08329804  0.22757828
0.63973719  0.38958536
-0.60156251 -0.28624872
-0.84261261 -0.49787296
-0.03720429 -0.5707382
0.05207856  0.00630827
-0.79668684 -0.57536416
